14.1347251417346937904572519836
21.0220396387715549926284795939
25.0108575801456887632137909926
30.4248761258595132103118975306
32.9350615877391896906623689641
37.5861781588256712572177634807
40.9187190121474951873981269146
43.3270732809149995194961221654
48.0051508811671597279424727494
49.7738324776723021819167846786
52.9703214777144606441472966089
56.4462476970633948043677594767
59.347044002602353079653648675
60.8317785246098098442599018245
65.1125440480816066608750542532
67.0798105294941737144788288965
69.5464017111739792529268575266
72.0671576744819075825221079698
75.704690699083933168326916762
77.1448400688748053726826648563
79.3373750202493679227635928771
82.9103808540860301831648374948
84.7354929805170501057353112068
87.4252746131252294065316678509
88.8091112076344654236823480795
92.4918992705584842962597252418
94.6513440405198869665979258152
95.8706342282453097587410292192
98.8311942181936922333244201386
101.31785100573139122878544794
103.725538040478339416398408109
105.446623052326094493670832414
107.168611184276407515123351963
111.02953554316967452465645031
111.874659176992637085612078717
114.320220915452712765890937276
116.226680320857554382160804312
118.790782865976217322979139703
121.37012500242064591894553297
122.946829293552588200817460331
124.256818554345767184732007966
127.516683879596495124279323767
129.578704199956050985768033906
131.087688530932656723566372461
133.497737202997586450130492043
134.756509753373871331326064157
138.11604205453344320019155519
139.736208952121388950450046523
141.123707404021123761940353818
143.111845807620632739405123869
146.000982486765518547402507596
147.42276534255960204952118501
150.053520420784880351432467237
150.925257612241466761852524678
153.024693811198896198256544255
156.11290929423786756975018931
157.597591817594059887530503159
158.849988171420498724174994776
161.188964137596027519437344129
163.030709687181987243311039001
165.537069187900418830038919355
167.184439978174513440957756246
169.094515415568821489505871181
169.911976479411698966699843596
173.411536519591552959846118649
174.754191523365725813378762456
176.441434297710418888892641058
178.377407776099977285830935414
179.916484020256996139340036612
182.207078484366461915407037227
184.874467848387508800960646617
185.598783677707471466527704268
187.228922583501851991641540586
189.4161586560169370848522891
192.026656360713786547283631426
193.079726603845704047402205794
195.265396679529235321463187815
196.876481840958316948622263915
198.015309676251912424919918702
201.264751943703788733016133428
202.493594514140534277686660638
204.189671803104554330716438386
205.394697202163286025212379391
207.906258887806209861501967908
209.57650971685625985283564429
211.690862595365307563907486731
213.347919359712666190639122021
214.547044783491423222944201073
216.169538508263700265869563354
219.06759634902137898567725659
220.714918839314003369115592634
221.430705554693338732097475119
224.007000254604335211728875528
224.983324669582287503782523681
227.421444279679291310461436161
229.337413305525348107760083306
231.25018870049916477380618677
231.987235253180248603771668539
233.693404178908300640704494733
236.524229665816205802475507956
237.769820480925204003236625926
239.555477573327628740268932034
241.04915779621658641283792141
242.823271934222600016826474459
244.07089849707815823681652799
247.136990074897499467550968179
248.101990060148459256762142085
249.573689644707209192329794189
251.014947795016001142954155104
253.069986747999477194599013786
255.306256454914022753086491794
256.38071369443447778935838234
258.610439491531368208983058645
259.874406989678000350672844614
260.805084504596870185931233472
263.573893904870132233081588131
265.557851838876320292477308964
266.614973781501072495720112974
267.921915082824059440378967172
269.970449023997602594693505319
271.494055641644999018179416758
273.459609188403287045714250299
275.587492649343841248740702619
276.452049503132938679887343638
278.250743529841954492748276711
279.229250927745189228409880452
282.465114765052096233027201186
283.211185733233867420493837943
284.835963980904724133157633923
286.667445363002884292847624146
287.911920501422187155254120272
289.579854929218834152738023569
291.846291329067395835513054425
293.558434139356285356776697106
294.965369619265542175066448639
295.573254878958292388460831459
297.979277061943415209929682958
299.840326053721312960027052525
301.649325462194183623470100208
302.696749589606917051751477095
304.864371340857297700148749903
305.728912602036809289222821262
307.2194961281700547894100334
310.109463146701898804786219768
311.1651415303560032709426708
312.427801180600891980485983093
313.985285731158922979048965755
315.475616089475733868596078144
317.734805942370180395645494205
318.853104256316597906689184548
321.160134309113578291921471417
322.144558672482932298837445006
323.466969557512050506212030415
324.862866051739613264980086995
327.443901261905457343469263816
329.033071680480934033614727577
329.953239728233866343892122189
331.474467582663424375661753866
333.645378524869850584961683081
334.211354833244383232403407959
336.841850428390684794654762919
338.339992850806611886257326087
339.858216725363540192326550931
341.042261111046560482597784599
342.054877510363585451403825094
344.661702940252337044181188098
346.347870566009947395936459816
347.272677584420484475797094888
349.316260870696144123155555734
350.408419349192099187671953234
351.878649025359280436713393077
353.488900488718806783603768609
356.017574977264947317960361961
357.151302252039624809602928232
357.952685101632273755128918983
359.743754953114448799291985977
361.289361695804650390291311228
363.331330578973834747334449567
364.736024114088993716262102127
366.212710288331316861077145197
367.993575481740303326183298044
368.9684380957343898915769013
370.050919212106000339651163061
373.061928372112838449119396431
373.864873910908569744756362734
375.825912766739334107907714147
376.324092230668052117190819612
378.436680249965479724090965913
379.87297534653234665102405969
381.484468617186524919662522424
383.443529449536487704345755481
384.956116814863687103751584209
385.86130084597422918056195936
387.222890222387980975948514738
388.8461283542322546008094203
391.456083563638045770578228123
392.245083339519096749015184171
393.42774384443402593669895292
395.582870010993720970877711323
396.381854222592186931999454492
397.918736209614243386981179711
399.985119876194899505917299868
401.839228600533216539911304378
402.861917763886114176315443096
404.236441800208004740227799564
405.134387459909927257486268025
407.581460386896182076309001181
408.947245502351112519634039764
410.513869193366638646769105285
411.972267804278750664640298507
413.262736070185046886257059318
415.018809755155115646319211463
415.455214996294598857128782487
418.3877057895347792260457231
419.861364818152323687852309138
420.643827625041786267974652985
422.076710058826759629840665449
423.716579627481818610562874732
425.069882494461347614374692649
427.208825084074580528142933886
428.127914076616682110305068486
430.328745430938636669926981542
431.301306930703592019505121928
432.138641734588568306253249109
433.889218480927225302946611051
436.161006432646984071801518262
437.581698167668581154013167233
438.621738656272196290915010137
439.918442214370656410221790027
441.683199201189023874204436499
442.904546302609449469723102413
444.31933627755915592030574354
446.860622696429522528860875181
447.441704194493290065526925304
449.148545685023304753023503135
450.126945780313524030045762529
451.403308445388795462113224631
453.986737806677916038366810294
454.974683768616788875309438951
456.328426689246051224499830063
457.903893064102971574699329172
459.513415281106011754009943802
460.087944422175841255330255428
462.065367274882530963830921146
464.057286910548284576246084784
465.671539211371094552966645744
466.570286930826255167392125952
467.439046210261638856645001384
469.536004559112032191819068829
470.773655478101647690118879454
472.799174661908816658297992682
473.835232345139687073805468023
475.600339369375785605428819924
476.769015237484520852848689195
478.075263766670969199872727405
478.942181534634826538317101767
481.830339376286561366681376285
482.834782790982397306556996676
483.851427212482537560188221085
485.539148129356006930025423658
486.52871826165124435236752627
488.380567090017448527111430665
489.661761577956131512780904175
491.398821593663006569213331009
493.314441581785300936360604043
493.957997805369464909583091287
495.358828822131277496834132737
496.429696215759103483918912816
498.580782429686542016675082912
500.309084941690495539309390725
501.604446965145477663332545763
502.276270327118233175399507334
504.499773313427737183791262228
505.415231742244442029552166109
506.464152709523531221526074781
508.800700336467820809469672508
510.264227943672834420779517655
511.562289700374595460454904487
512.623144531407418667101254943
513.668985555473683436244146418
515.435057167299377249676893673
517.589668572467425341357965287
518.234223147550143573858274373
520.106310411723255903196146134
521.525193449492040967732398163
522.456696177730210430144413322
523.960530892015840487007509481
525.07738568727962218059121763
527.903641601272345229617268071
528.406213852292658941608896647
529.806226318706900798163983302
530.866917883961089644387434515
532.688183028293730505126445569
533.779630753768732565482546023
535.664314075873224617046123182
537.069759083122327588389737754
538.42852617624796284350095524
540.21316637622813338364566899
540.631390247295117360128077599
541.847437121201281547119113509
