14.1347251417346937904572519836
21.0220396387715549926284795939
25.0108575801456887632137909926
30.4248761258595132103118975306
32.9350615877391896906623689641
37.5861781588256712572177634807
40.9187190121474951873981269146
43.3270732809149995194961221654
48.0051508811671597279424727494
49.7738324776723021819167846786
52.9703214777144606441472966089
56.4462476970633948043677594767
59.347044002602353079653648675
60.8317785246098098442599018245
65.1125440480816066608750542532
67.0798105294941737144788288965
69.5464017111739792529268575266
72.0671576744819075825221079698
75.704690699083933168326916762
77.1448400688748053726826648563
79.3373750202493679227635928771
82.9103808540860301831648374948
84.7354929805170501057353112068
87.4252746131252294065316678509
88.8091112076344654236823480795
92.4918992705584842962597252418
94.6513440405198869665979258152
95.8706342282453097587410292192
98.8311942181936922333244201386
101.31785100573139122878544794
103.725538040478339416398408109
105.446623052326094493670832414
107.168611184276407515123351963
111.02953554316967452465645031
111.874659176992637085612078717
114.320220915452712765890937276
116.226680320857554382160804312
118.790782865976217322979139703
121.37012500242064591894553297
122.946829293552588200817460331
124.256818554345767184732007966
127.516683879596495124279323767
129.578704199956050985768033906
131.087688530932656723566372461
133.497737202997586450130492043
134.756509753373871331326064157
138.11604205453344320019155519
139.736208952121388950450046523
141.123707404021123761940353818
143.111845807620632739405123869
146.000982486765518547402507596
147.42276534255960204952118501
150.053520420784880351432467237
150.925257612241466761852524678
153.024693811198896198256544255
156.11290929423786756975018931
157.597591817594059887530503159
158.849988171420498724174994776
161.188964137596027519437344129
163.030709687181987243311039001
165.537069187900418830038919355
167.184439978174513440957756246
169.094515415568821489505871181
169.911976479411698966699843596
173.411536519591552959846118649
174.754191523365725813378762456
176.441434297710418888892641058
178.377407776099977285830935414
179.916484020256996139340036612
182.207078484366461915407037227
184.874467848387508800960646617
185.598783677707471466527704268
187.228922583501851991641540586
189.4161586560169370848522891
192.026656360713786547283631426
193.079726603845704047402205794
195.265396679529235321463187815
196.876481840958316948622263915
198.015309676251912424919918702
201.264751943703788733016133428
202.493594514140534277686660638
204.189671803104554330716438386
205.394697202163286025212379391
207.906258887806209861501967908
209.57650971685625985283564429
211.690862595365307563907486731
213.347919359712666190639122021
214.547044783491423222944201073
216.169538508263700265869563354
219.06759634902137898567725659
220.714918839314003369115592634
221.430705554693338732097475119
224.007000254604335211728875528
224.983324669582287503782523681
227.421444279679291310461436161
229.337413305525348107760083306
231.25018870049916477380618677
231.987235253180248603771668539
233.693404178908300640704494733
236.524229665816205802475507956
237.769820480925204003236625926
239.555477573327628740268932034
241.04915779621658641283792141
242.823271934222600016826474459
244.07089849707815823681652799
247.136990074897499467550968179
248.101990060148459256762142085
249.573689644707209192329794189
251.014947795016001142954155104
253.069986747999477194599013786
255.306256454914022753086491794
256.38071369443447778935838234
258.610439491531368208983058645
259.874406989678000350672844614
260.805084504596870185931233472
263.573893904870132233081588131
265.557851838876320292477308964
266.614973781501072495720112974
267.921915082824059440378967172
269.970449023997602594693505319
271.494055641644999018179416758
273.459609188403287045714250299
275.587492649343841248740702619
276.452049503132938679887343638
278.250743529841954492748276711
279.229250927745189228409880452
282.465114765052096233027201186
283.211185733233867420493837943
284.835963980904724133157633923
286.667445363002884292847624146
287.911920501422187155254120272
289.579854929218834152738023569
291.846291329067395835513054425
293.558434139356285356776697106
294.965369619265542175066448639
295.573254878958292388460831459
297.979277061943415209929682958
299.840326053721312960027052525
301.649325462194183623470100208
302.696749589606917051751477095
304.864371340857297700148749903
305.728912602036809289222821262
307.2194961281700547894100334
310.109463146701898804786219768
311.1651415303560032709426708
312.427801180600891980485983093
313.985285731158922979048965755
315.475616089475733868596078144
317.734805942370180395645494205
318.853104256316597906689184548
321.160134309113578291921471417
322.144558672482932298837445006
323.466969557512050506212030415
324.862866051739613264980086995
327.443901261905457343469263816
329.033071680480934033614727577
329.953239728233866343892122189
331.474467582663424375661753866
333.645378524869850584961683081
334.211354833244383232403407959
336.841850428390684794654762919
338.339992850806611886257326087
339.858216725363540192326550931
341.042261111046560482597784599
342.054877510363585451403825094
344.661702940252337044181188098
346.347870566009947395936459816
347.272677584420484475797094888
349.316260870696144123155555734
350.408419349192099187671953234
351.878649025359280436713393077
353.488900488718806783603768609
356.017574977264947317960361961
357.151302252039624809602928232
357.952685101632273755128918983
359.743754953114448799291985977
361.289361695804650390291311228
363.331330578973834747334449567
364.736024114088993716262102127
366.212710288331316861077145197
367.993575481740303326183298044
368.9684380957343898915769013
370.050919212106000339651163061
373.061928372112838449119396431
373.864873910908569744756362734
375.825912766739334107907714147
376.324092230668052117190819612
378.436680249965479724090965913
379.87297534653234665102405969
381.484468617186524919662522424
383.443529449536487704345755481
384.956116814863687103751584209
385.86130084597422918056195936
387.222890222387980975948514738
388.8461283542322546008094203
391.456083563638045770578228123
392.245083339519096749015184171
393.42774384443402593669895292
395.582870010993720970877711323
396.381854222592186931999454492
397.918736209614243386981179711
399.985119876194899505917299868
401.839228600533216539911304378
402.861917763886114176315443096
404.236441800208004740227799564
405.134387459909927257486268025
407.581460386896182076309001181
408.947245502351112519634039764
410.513869193366638646769105285
411.972267804278750664640298507
413.262736070185046886257059318
415.018809755155115646319211463
415.455214996294598857128782487
418.3877057895347792260457231
419.861364818152323687852309138
420.643827625041786267974652985
422.076710058826759629840665449
423.716579627481818610562874732
425.069882494461347614374692649
427.208825084074580528142933886
428.127914076616682110305068486
430.328745430938636669926981542
431.301306930703592019505121928
432.138641734588568306253249109
433.889218480927225302946611051
436.161006432646984071801518262
437.581698167668581154013167233
438.621738656272196290915010137
439.918442214370656410221790027
441.683199201189023874204436499
442.904546302609449469723102413
444.31933627755915592030574354
446.860622696429522528860875181
447.441704194493290065526925304
449.148545685023304753023503135
450.126945780313524030045762529
451.403308445388795462113224631
453.986737806677916038366810294
454.974683768616788875309438951
456.328426689246051224499830063
457.903893064102971574699329172
459.513415281106011754009943802
460.087944422175841255330255428
462.065367274882530963830921146
464.057286910548284576246084784
465.671539211371094552966645744
466.570286930826255167392125952
467.439046210261638856645001384
469.536004559112032191819068829
470.773655478101647690118879454
472.799174661908816658297992682
473.835232345139687073805468023
475.600339369375785605428819924
476.769015237484520852848689195
478.075263766670969199872727405
478.942181534634826538317101767
481.830339376286561366681376285
482.834782790982397306556996676
483.851427212482537560188221085
485.539148129356006930025423658
486.52871826165124435236752627
488.380567090017448527111430665
489.661761577956131512780904175
491.398821593663006569213331009
493.314441581785300936360604043
493.957997805369464909583091287
495.358828822131277496834132737
496.429696215759103483918912816
498.580782429686542016675082912
500.309084941690495539309390725
501.604446965145477663332545763
502.276270327118233175399507334
504.499773313427737183791262228
505.415231742244442029552166109
506.464152709523531221526074781
508.800700336467820809469672508
510.264227943672834420779517655
511.562289700374595460454904487
512.623144531407418667101254943
513.668985555473683436244146418
515.435057167299377249676893673
517.589668572467425341357965287
518.234223147550143573858274373
520.106310411723255903196146134
521.525193449492040967732398163
522.456696177730210430144413322
523.960530892015840487007509481
525.07738568727962218059121763
527.903641601272345229617268071
528.406213852292658941608896647
529.806226318706900798163983302
530.866917883961089644387434515
532.688183028293730505126445569
533.779630753768732565482546023
535.664314075873224617046123182
537.069759083122327588389737754
538.42852617624796284350095524
540.21316637622813338364566899
540.631390247295117360128077599
541.847437121201281547119113509
544.323890101005262903121308756
545.636833248934818254855439794
547.010912058122292463655881793
547.931613364489338310451159426
549.49756756266137845998473388
550.970010039483889045657234057
552.049572200564892792576702546
553.764972119158814617149782592
555.792020561682508416573221485
556.899476406855351261964218656
557.564659172058528408523989874
559.31623702868216376093514224
560.240807497295668241793276359
562.559207616045851108137916695
564.1608791107861178138795335
564.506055938149835122245968939
566.698787682807956241512280667
567.731757901176937450334730494
568.923955179629368496753487417
570.051114782463592038527016601
572.419984132452764045276927107
573.61461052675812998724603211
575.093886014494885607457172282
575.807247140928780709429332894
577.039003472098211216637089688
579.098834672036607431284364329
580.136959362384628672716276348
581.946576265901625551506114545
583.23608821916727826196057365
584.561705903465528366945893393
585.984563204988300574187258986
586.742771891250155644771845087
588.13966326624795641755423527
590.66039751676527563103200331
591.725858065048056649222446473
592.57135830022556982077271612
593.974714682231029243805174509
595.728153697388949177020920733
596.36276832839368408957909707
598.493077346164754401063582936
599.545640364364853997515395144
601.602136735932636051738107596
602.579167886387354298822724543
603.625618903579160672243966858
604.616218493753232914639602789
606.38346042210904108867431124
608.413217311187325175126723757
609.389575154720080527323879548
610.839162937739406926702537768
611.774209620887204635168361973
613.599778675637119405186456186
614.646237872232621525553083988
615.538563369407027853474265896
618.112831366442373382540227025
619.184482597953634249028146424
620.272893672227521919085572595
621.709294527948622957298633061
622.375002739779009217881543779
624.269900018177880834772947039
626.019283427654382198336217406
627.268396850783020751997645596
628.325862359460361935943815665
630.473887438292045870606586776
630.805780927197532641871725248
632.22514116711595195215470593
633.546858252251777484197133459
635.523800310605453810525581751
637.397193159837307173748074288
637.925513980822581093428839716
638.927938266856770193772690921
640.694794668825667623187538499
641.945499665705294545378538553
643.278883781397889361143362803
644.990578229748002512443712325
646.348191595501592033880941622
647.761753004288883793766808952
648.786400888782440771080133769
650.197519345256459083253897592
650.668683891395982530560633055
653.649571605394691902086864959
654.301920586319342275470616323
655.70946302235563631602674275
656.964084599460617422869896586
658.175614418605399744879807909
659.663845972964107831165182146
660.716732595279270052158881252
662.296586431100410644378266392
664.244604652273013449890257261
665.342763095599040542788169792
666.515147704172960548775095819
667.148494894555429941069213275
668.975848820235131406192279662
670.323585205862584034429553317
672.458183584169734181365086335
673.043578286147645770131040651
674.355897810123167896156320106
676.139674363626748203178135714
677.23018066876397324785479957
677.800444746221334918938757393
679.742197882528217719525938911
681.894991533151889109452411081
682.602735019750545487540836645
684.013549813869505236194127959
684.972629862098452545736661738
686.163223587727949603473006711
687.96154318470364848279633749
689.368941362272368423255192825
690.474735032350397693943089454
692.451684415520848849846652365
693.176970060601824845623097508
694.533908699873140015630704542
695.726335920926730167801428228
696.62606990034561497090281852
699.132095476013506710816169588
700.296739132143494568012149844
701.301742954646155685173914039
702.22734314576050011943531981
704.033839295525309322653072296
705.125813954619227666867479439
706.184654799517919025810985016
708.26907088510989999526902864
709.229588570284300709034693304
711.13027417968543156547485639
711.900289914375312038915079053
712.749383470101290254610574367
714.082771820669393076924527166
716.112396454052110148182026476
717.482569703100190714441897579
718.742786545485893988449182685
719.697100988365665132690960898
721.351162218536417128386158696
722.27750497567423734037614366
723.845821045128415511671922404
724.562613890379079592246216771
727.056403230049381617648405278
728.405481588934060034744355233
728.758749795614268566130632273
730.416482122756434709944039354
731.41735491859852508074935696
732.818052714499849208567526888
734.789643252377994252312510003
735.765459208578321076932188805
737.052928912265308042310540877
738.580421171373822521705448092
739.909523674041944029700959388
740.573807447295010515035971597
741.757335572941673275861162003
743.895013142473659381550149198
745.344989550611874325640548484
746.499305899432329509605006619
747.674563624269528359569367873
748.242754465084547868503294699
750.65595036212429986680743837
750.966381066650837268458419695
752.887621567202374749507705003
754.322370471712672685103086251
755.83930897603782987279244037
756.768248439950930720133210235
758.101729246412583411489768291
758.900238224892374767435392905
760.282366983512064531869600862
762.700033249691054728068999909
763.593066172837222996973247173
764.307522724180221736251225826
766.087540099836205394422464827
767.218472155539514082499410162
768.281461806509230823456665026
769.69340725262442432500665491
771.070839313678316321187221916
772.961617565757024337829165945
774.117744627940507402141909397
775.047847096580508050016992969
775.999711963171442477731582603
777.299748529592564816510977063
779.157076949189004063924537742
780.348925004181670538127783551
782.137664390812094754317687328
782.597943946073539866166505744
784.288822612465501463146099666
785.739089700715051840646187769
786.461147450506277459896787497
787.468463815910038381473499623
790.059092364119564294946003255
790.831620467921035019082931395
792.427707608604526866391070189
792.888652562622588042242753206
794.483791869893164481318375277
795.606596156162412627912558048
797.263470038035584916191704577
798.707570166296211309691953422
799.654336210897632772826890664
801.604246462982055966676616142
802.541984878418149662417141059
803.243096204270194190226229054
804.762239112661763951595783963
805.861635667094802836803191543
808.151814935993747392355858581
809.197783363300710387719604795
810.081804886407099891524729901
811.184358846506260337884327465
812.771108389109342719801288662
814.045913607510993501967600781
814.870539625872567784019686957
816.727737714394716316502574838
818.380668866361676511586775026
819.204642170823862605824038846
820.721898443869287466431021824
821.713454133379401809876034465
822.197757493404277143581855586
824.526293871629748163766484928
826.039287376574383548014163533
826.905810954080771979664450913
828.340174300489900370504215076
829.437010968309333623047591492
830.895884053317400730078617611
831.799777659070583074324608373
833.003640909154199538311254208
834.651915147825575807345339876
836.693576187591867168870340759
837.347335059531514767486416316
838.249021992732145836547095912
839.4653948102824755503103022
841.036389829013423724411484718
842.0413542065263713333676992
844.166196607350768821346101126
844.80599397576372688128477665
846.19476992769399776366251854
847.971717639512006636327584785
848.489281180943523824886730335
849.862274348697826264344714708
850.645448466004092378242048188
853.163112583389155325839472071
854.095511719869058620018221632
855.286710244404936348228437571
856.484117490791662854034924902
857.310740602603826032964229956
858.904026466475694412829573721
860.410670896014670751594140146
861.171098212715337605975110401
863.189719771908934236110130066
864.340823930069540855687499765
865.594664326515965395106877075
866.423739904042641462979588658
867.693122611785006238768527107
868.670494229131596667838274575
870.846902325754016205795275454
872.188750821613207755873228082
873.098978971281981498325402957
873.908389235337530439629985772
875.985285108780322374392441197
876.600825833027442397243130019
877.654698341033475144022093138
879.380951969790982456461800072
880.834648847939390283032287252
882.386696627196461252384650433
883.430331838701645684568337436
884.198743114594726960384279154
885.272304479617127051198086101
886.852801962916298372033329947
888.475566673817194773726388749
889.735294294090737097412188143
890.813132112528063686195924307
892.386433260155869341740999279
893.119117567294258336175542937
894.886292320868716142192903603
895.397919674782965055396859395
896.632251556202720033526586721
899.22152266838341939009564394
899.858884607937483444265855312
900.849739860521396117824641246
902.243207586752288461640447842
903.099674442630454946665046381
904.702902722281320774324091426
905.82994075822220940483941073
907.656729468967525311556713509
908.333543645060925280708196675
910.186334057179842565352551679
911.234951485955504092597501287
912.331045600035587248807167172
912.823999246743395377992216659
914.730096958375613338375239214
916.355000808642765891420842948
917.825377570426783026483964334
918.836535243529029571248982619
919.448344439682304781765129352
921.156395507154853367399405219
922.500629306636770266245329088
923.285719802422242673943102553
924.773483933476664416246455765
926.551552784603028941592375054
927.850858985753594147870961588
928.663659328934892288756290358
929.874092850647754777106067498
931.009211336628072954276166765
931.852740745520079921686342351
934.385306837258464754414541193
934.995424863846459617609737645
936.228649379282927213718663914
937.532925711970381272916233886
939.024300899218382184218418709
939.660940614528165985600754475
941.156999642042372607770996944
942.052341643375497874389945635
944.188035809572744511978501615
945.333562503045946141542238921
946.765842204727851156732167218
947.079183096254877965119474543
948.346646255044967166605085994
950.151612684643840864746810351
951.033248733823509974499410476
952.727988619850626084667521324
954.129719269551415336758009414
954.829308938216637119513762838
956.675479343289796023142032133
957.510052596423722467728769117
958.414593390136180970003999467
959.459168807068112560999609039
961.669572474192753342668657503
963.182086671311446997132189972
963.567040191612270671862099519
965.055579623751116224926694815
966.110754818410204018724621286
967.371153766262854315164778204
968.636301906087326408089905498
970.125610556941175479215119589
971.071491486385727940251034561
973.185361294301194221649096958
973.873078992653597194232563465
974.774635065837429875303154847
976.178502420589609344187798159
976.917202117050622021417267172
978.76667153511297445402300674
980.578000639774418061338952502
981.288615301758969459364434347
982.396485168778978401410221872
983.575076006431328755533113443
985.186928655773435769528565149
986.130515110184526649373988219
986.756008407656035621777839118
988.992622370657406607366183667
990.223917804027972362978130576
991.37429414776150543186343326
992.728696336732659443627396933
993.214580957442953707523071121
994.404590571094491900027805466
996.205336164298286483527981449
997.511934751939229211029840075
998.827547136929633130519615447
999.791571557412940463163147158
1001.34948263778273712210330965
1002.40430548839171130815932757
1003.2678081794532482575282019
1004.67504412117289422613334687
1005.5434203043783641966110481
1008.00670430706364619813982013
1008.79570990074228234577255711
1009.80659074696462945728193575
1010.56975701106107589856651569
1012.41004251576159684285326184
1013.05863809840898507265263765
1014.68963262237040468814643795
1016.06017894264737813028979489
1017.26640236435540666971486198
1018.60557251862015495098356757
1019.9124397439440383616715167
1020.91747501726367831614708449
1021.54434449990465190712408497
1022.88527091171634782599966343
1025.26572419772769636662831178
1025.70794437146288923772770125
1027.46769351558777027339742302
1028.12896425549751787766953177
1029.2272974439613667311287036
1030.89736879059652356072655574
1031.83318029740776254122422423
1032.81288303515885146065144096
1034.61291552952081006617434065
1036.19591735805474025398292789
1037.02470764628174975057726398
1038.08775224061883643734694234
1039.0774014368966887266795988
1040.26403793769576083115292605
1041.62152801454227415471170843
1043.62395434962149387045009545
1044.51497582907876811460331337
1045.10704235297791139065039554
1047.08981748429478422111465052
1047.98714748960047113132159651
1048.95378519468596163305702454
1049.99628425659321975563019979
1051.57657184320519579557814932
1053.24578515838575762561052076
1054.78103947828134990679879295
1055.00214647568573620935338243
1056.68884736382822985752479065
1057.10004365961778360306108572
1059.13376910689714622942129969
1060.13951856160781909723899341
1061.50130446506842006312021183
1062.9153815078805636024533747
1064.07155107171854042528603049
1065.12185510629305547857982308
1066.46322346924298194377881913
1067.41886012096455805934517636
1067.99000007904262546773556431
1070.53504199682926280935309979
1071.61862321508953790472805548
1072.54399801112155534878281899
1073.5703531650937254377277086
1074.74777104431099857929421567
1076.26662559417740986500375024
1076.92405606575444688758536164
1078.64719848095636469429051482
1079.80996542925906921357166425
1081.17100234346780378506647948
1082.95274972306966866079199183
1083.29546651408560676834067986
1084.18326431043021614316384862
1085.64783120863934071202006656
1086.91199898982509311556569033
1088.755724674808801471697125
1089.79533792407477495842356921
1090.8631910262488607850089899
1091.72847296693682899939930519
1093.44087327236863468079558567
1094.28445752375415983633855919
1095.43308475866147868966748487
1096.40191779474252850214945542
1098.8410154666498617872947335
1099.3606671785717955946165118
1100.57446062246256321862442694
1101.83911116875601340501121435
1102.55177989991772274678594324
1103.7322971745469358475961101
1105.61718883076207151732080903
1106.77437167583277510091744772
1107.77453195501013693315167081
1109.15891885676645188780517506
1110.44414299361320580327302821
1111.44350476489989658741837278
1112.43299540807644458068791937
1113.39759511480199351361443357
1115.06535946156660567653023281
1116.78725388121452419063303991
1117.96591966919967094547758238
1118.68413486101839090387812254
1119.47324742617898290186144726
1121.15593767581056990537337073
1122.45862135688051225413285442
1123.10111738780920016666445553
1125.3147293978464700797989768
1125.76344242925255946644397201
1127.658023527215719230775274
1128.43022461389271137210602852
1129.72899677706556217508915556
1130.39159789623167083201090771
1131.49508556191704322228689235
1133.70862566945623585141027525
1134.88565459153319643062419834
1135.5622139754775459565220464
1136.92929348096952978546966731
1138.1515897798055407292335319
1138.99234182049363589385999202
1140.72184817190335975265532986
1141.26102296413675832998228157
1142.85865960785648111849879984
1144.78229951862534187706529086
1145.48532751711710680801728151
1146.57681492486695340605174448
1147.50177652331931609129983473
1148.61527720883401900376723304
1149.98260102810709766544881666
1151.56281472367321814938869658
1152.9431285305897959516386595
1153.89030371627126802658298271
1154.69751953538238291317121265
1156.62156783387254341057911542
1157.43231457561090633286525221
1158.00160902729496614508668711
1159.48065701902229730940483495
1161.39664463437809149848889052
1162.48752860200542780401768701
1163.70103168277861558764219651
1164.73758635122760993462021764
1165.27122770645769360553358793
1166.94361340952871267710595415
1168.08627161013879429793792812
1169.6983568848849061864685134
1170.46363857828366604121603016
1172.12068186569559984640074033
1173.30568776404835872704216186
1174.23276685645630265206436164
1175.21545239595077524703093295
1176.63287580978845863299382889
1177.10630442165614694900011926
1179.7012235019338980325839772
1180.65354378708438533087396984
1181.26731815168001895913297569
1182.58227034692039044004111928
1183.7127752959743153498903984
1185.1558428474657922830201409
1185.87535869535662001261908937
1187.34516149326730995554658374
1188.85644429822930678880615194
1189.96363649791844334374863711
1191.48260592641347086513337813
1192.21861147810154507789220557
1193.32402142745508027538966149
1193.85742713543699196594116618
1196.03467174867106223211153987
1197.07178665882196680447946665
1198.68656910463056647648701179
1199.35651370789396813188111093
1200.53269203121991431033825903
1201.81033485660604978646045853
1203.13735086142547945283349011
1203.85524759409700202700258881
1204.98549217146641071558655936
1206.87049979385306829213794583
1208.47145994953103146299915247
1208.98948416793902567665254469
1209.89803008754595575337847874
1211.4161158927981230604789832
1212.11315306631979262439428002
1213.59837268036821848513505294
1215.38997506504563426981377021
1216.18372203346741672377276524
1217.17448249773891903977191429
1219.05002817740616350927683057
1219.61447131085848431022171949
1220.81634769097813143068536174
1221.69224248314373321179252388
1222.95248409510835824256424265
1225.01833002416853919735175705
1225.85502076079571539666136687
1227.23182764149093192414616116
1227.9171416144000444059463491
1228.79315436298117176917903378
1230.58460315424927571950175884
1231.56227387764539816471817863
1232.52958704059789555103413755
1234.27781665343178804884422491
1235.50254852652099731871742691
1236.3990174657789958654443585
1237.97729851358114551342643554
1238.45723279566180711633342498
1239.49080714679575427770467538
1240.813471785216266891520206
1243.07807639802111888151951407
1243.53814652611425998047386858
1244.8514339669838585645816827
1245.65586618814782247880387458
1247.37256196985564391570417618
1248.06306105320819868514944996
1249.15988795300298334058331421
1250.67239727567811715508952789
1251.65983200427122118003758578
1253.6735778521071020183802618
1254.4313284217734493685167531
1255.40823064529073463838155483
1256.1812141984608660682557442
1257.54121941264411442682318818
1258.77923348859505319067135704
1260.34454831618551986817907055
1261.61171716147983990432525921
1262.55661400035622434255773502
1263.67673284386179333039961448
1264.957223006999789287695614
1266.1790377605620622428299996
1267.20034561184548922028994591
1267.57057177944022345864377837
1270.11892188649260392519117843
1271.1342996316099914002916819
1272.08395959933289742289564658
1273.26114463345575281372748972
1274.19622088948035882812245875
1275.09203031584045778167132742
1276.84217155556979468553518857
1277.76309198634682092060961851
1279.33284331670825139428523032
1280.15579440902293046659147724
1281.82872695969993392886498125
1283.00049138669967660770311494
1283.33503213887928060048255473
1284.85479515462165784043116094
1285.6950233311385927747749485
1287.41002661707531613167278664
1289.16535153277306148141311044
1290.10477151980733788952180903
1290.41770807304250366254360221
1291.94587096808319840045803791
1293.49398155741744506202044685
1294.11847437784835238610977798
1295.36536350535825025493217309
1296.80111099234729150219411387
1298.25652706788952943234922218
1299.40517125074397839831602346
1300.49001898244763839347094334
1301.49551668057505835635601837
1302.34674237924691792051325318
1303.27320022879414346915600753
1305.40167218800438466301231565
1306.50839331296883697173372083
1307.26724210780242709778415133
1308.98819651764338724210833508
1309.42153249325596667381081181
1311.05657051111189666393233577
1311.96694060804935486881097125
1313.03159936901966455244294615
1314.05256565172616619337346662
1316.21211260285404978029035368
1317.07298603482995500100838927
1318.17127913216505254858033713
1318.94788059656633833639128104
1319.93108287753647305203528017
1321.62813855191241805746592566
1322.25806712339115794519369843
1324.22497871884433091322919574
1325.23762435898233535349746518
1325.98196963044628122304204462
1327.63528110845744964035174073
1329.04351799651860123981185242
1329.20501878548363484761847414
1330.42993712045926318266079102
1331.82759138528521752354233076
1333.6735226102849332709758717
1334.74732905168977653033947812
1335.69497452600206658901528424
1336.69018465338587105353524108
1337.68879180966994960314843996
1338.92316459867034982898196931
1340.42640045730017578973402244
1341.16627225292638707193512837
1342.60850788377686132750037331
1344.15604400359579099820432948
1345.47710626139871442740730106
1345.73141325541840775900672218
1347.5194717508999111072267333
1348.01723801873641009162403812
1349.08519401404765798073943801
1351.29620637409671800983768238
1352.21046515917553837944865969
1353.48333835826457655375617836
1353.88678197169622768423604691
1355.68059532063649188685750844
1356.60565570980795391967452197
1357.7717428285794640718014189
1358.46016039915902643735518917
1360.39314476219115231208975191
1361.39307471363968169889076293
1363.0223286032807568385427379
1363.8791907971344724379646984
1364.57658489675397264127974593
1365.49373355129524726543577403
1367.10409097000823087995515535
1368.33019330798589489487770209
1369.68694907734291660103374908
1370.97352276778364404592166902
1371.68655355282739112882953205
1373.20291456237338210329637027
1374.15479865864064562651979378
1375.30239234474890215482055482
1376.16177999361935203876481202
1377.17763364210462632248192584
1379.68328302861292638577157816
1380.14857844169240306392815198
1381.07397714920563487065655339
1382.34566297847367988774238944
1383.29759100794647490331675783
1384.44441584776008297339562919
1385.66377701119268643887391387
1387.32664766348953060569725014
1387.92145412711279702316850321
1389.56583179839393719500965546
1390.70549028642766512151462317
1391.8532004432697553845268907
1392.64402778854864825583102564
1393.43340174079366502641747108
1394.88418467568035447902947557
1396.54416312368250177024763695
1397.8346233213872242793153559
1398.83767520138586523391078162
1399.83947294120648146705398575
1400.42694629739429826105142502
1402.56434725006599381719111124
1402.97374764091920805049731876
1404.00629217052275712944072795
1405.66697505924687509225732525
1407.08514277643648684120386155
1408.13630749618955075476410922
1409.32068107983895724971118285
1410.02481072580222583308329943
1411.25705681570662386002423078
1411.96565346177300428449417742
1413.84314878856885299879760364
1415.58578479549535120899303854
1415.78158130328291008277203666
1417.10282293382261475562496433
1418.69696385245216567523305183
1419.42248094599568646598903808
